[header]
width=64
height=48
tilewidth=23
tileheight=23
orientation=orthogonal
background_color=0,0,0,255

[tilesets]
tileset=platformer.png,23,23,0,0

[layer]
type=Tiles
data=
333,153,153,153,153,153,153,153,153,153,153,153,153,153,153,153,153,153,153,153,153,153,153,153,153,153,153,153,153,153,153,153,153,153,153,153,153,153,153,153,153,153,153,153,153,153,153,153,153,153,153,153,153,153,153,153,153,153,153,153,153,153,153,333,
333,0,0,0,0,0,0,0,0,0,0,0,0,0,0,0,0,0,0,0,0,0,0,0,0,0,0,0,0,0,0,0,0,0,0,0,0,0,0,0,0,0,0,0,0,0,0,0,0,0,0,0,0,0,0,0,0,0,0,0,0,0,0,333,
333,0,0,0,0,0,0,0,0,0,0,0,0,0,0,0,0,0,0,0,0,0,0,0,0,0,0,0,0,0,0,0,0,0,0,0,0,0,0,0,0,0,0,0,0,0,0,0,0,0,0,0,0,0,0,0,0,0,0,0,0,0,0,333,
333,0,0,0,0,0,0,0,0,0,0,0,0,0,0,0,0,0,0,0,0,0,153,153,153,153,153,153,153,153,153,153,153,153,153,153,153,153,153,153,153,153,153,153,153,153,153,153,153,153,153,0,0,0,0,0,0,0,0,0,0,0,0,333,
333,0,0,0,0,0,0,0,0,0,0,0,0,0,0,0,0,0,0,0,0,0,153,0,0,0,0,0,0,0,0,0,0,0,0,0,0,0,0,0,0,0,0,0,0,0,0,0,0,0,153,0,0,0,0,0,0,0,0,0,153,153,153,333,
333,0,0,0,153,153,153,153,153,153,153,153,153,153,153,153,153,153,0,0,0,0,153,0,0,0,0,0,0,0,0,0,0,0,0,0,0,0,0,0,0,0,0,0,0,0,0,0,0,0,153,0,0,0,0,0,0,0,0,0,153,0,311,333,
333,0,0,0,153,0,0,0,0,0,153,153,0,0,0,0,0,153,0,0,0,0,153,0,0,0,0,0,0,0,0,0,0,0,0,0,0,0,0,0,0,0,0,0,0,0,0,0,0,0,153,0,0,0,0,0,0,0,0,0,123,123,123,333,
333,0,0,0,153,15,0,0,0,0,153,153,0,0,0,0,0,153,0,0,0,0,153,123,123,123,123,123,0,0,0,123,123,123,123,123,0,0,0,123,123,123,123,123,0,0,0,123,123,123,153,0,0,0,0,0,0,0,0,0,0,0,0,333,
333,0,0,0,153,123,123,123,0,0,153,153,0,0,123,123,123,153,0,0,0,0,0,0,0,0,0,0,0,0,0,0,0,153,0,0,0,0,0,0,0,153,0,0,0,0,0,0,0,0,0,0,0,0,0,0,0,0,0,0,0,0,0,333,
333,0,0,0,0,0,0,0,0,0,153,153,0,0,0,0,0,0,0,0,0,0,0,0,0,0,0,0,0,0,0,0,0,153,0,0,0,0,0,0,0,153,0,0,0,0,0,0,0,0,0,0,0,0,0,0,0,0,0,0,0,0,0,333,
333,0,0,0,0,0,0,0,0,0,153,153,0,0,0,0,0,0,0,0,0,0,0,0,0,0,0,0,0,0,0,0,0,153,0,0,0,0,0,0,0,153,0,0,0,0,0,0,0,0,0,0,0,0,0,0,0,0,0,0,0,0,0,333,
333,0,0,0,0,0,0,123,123,123,153,153,123,123,123,0,0,0,0,0,0,0,123,123,123,123,123,123,123,123,123,123,123,153,123,123,123,123,123,123,123,153,123,123,123,123,123,123,123,123,123,0,0,0,0,123,123,123,123,0,0,0,0,333,
333,0,0,0,0,0,0,0,0,0,0,0,0,0,0,0,0,0,0,0,0,0,0,0,0,0,0,0,0,0,0,0,0,0,0,0,0,0,0,0,0,0,0,0,0,0,0,0,0,0,0,0,0,0,0,0,0,0,0,0,0,0,0,333,
333,0,0,0,0,0,0,0,0,0,0,0,0,0,0,0,0,0,0,0,0,0,0,0,0,0,0,0,0,0,0,0,0,0,0,0,0,0,0,0,0,0,0,0,0,0,0,0,0,0,0,0,0,0,0,0,0,0,0,0,0,0,0,333,
333,0,0,0,0,0,0,0,0,0,0,0,0,0,0,0,0,0,0,0,0,0,0,0,0,0,0,0,0,0,0,0,0,0,0,0,0,0,0,0,0,0,0,0,0,0,0,0,0,0,0,0,0,0,0,0,0,0,0,0,0,0,0,333,
333,0,0,0,71,71,71,0,0,0,0,0,0,0,0,0,0,0,0,0,0,0,0,0,0,0,0,0,0,0,0,0,0,0,0,0,0,0,0,0,0,0,0,0,0,0,0,0,0,0,0,0,0,0,0,0,0,0,0,0,0,0,0,333,
333,123,123,123,123,123,123,123,123,123,123,123,123,123,123,123,123,123,123,123,0,0,0,0,0,0,0,0,0,0,0,0,0,0,0,0,0,0,0,0,0,0,0,0,0,0,0,0,0,0,0,0,0,0,0,0,0,0,0,0,0,0,0,333,
333,0,0,0,0,0,0,0,0,0,0,0,0,0,0,0,0,0,0,0,0,0,0,0,0,0,0,0,0,0,0,0,0,0,0,0,0,0,0,0,0,0,0,0,0,0,0,0,0,0,0,0,0,0,0,0,0,0,0,0,0,0,0,333,
333,0,0,0,0,0,0,0,0,0,0,0,0,0,0,0,0,0,0,0,0,0,0,0,0,0,0,0,0,0,0,0,0,0,0,0,0,0,0,0,0,0,0,0,0,0,0,0,0,0,0,0,0,0,0,0,0,0,0,0,0,0,0,333,
333,0,0,0,123,123,123,123,123,123,123,0,0,0,0,0,0,0,0,0,0,0,0,0,0,0,0,0,0,0,0,0,0,0,0,0,0,0,0,0,0,0,0,0,0,0,0,0,0,0,0,0,0,0,0,0,0,0,0,0,0,0,0,333,
333,0,0,0,0,0,0,0,0,0,123,0,0,0,0,0,0,0,0,0,0,0,0,0,0,0,0,0,0,0,0,0,0,0,0,0,0,0,0,0,0,0,0,0,0,0,0,0,0,0,0,0,0,0,0,0,0,0,0,0,0,0,0,333,
333,0,0,0,0,0,0,0,0,0,123,0,0,0,71,71,0,0,0,0,0,0,0,0,0,0,0,0,0,0,0,0,0,0,0,0,0,0,0,0,0,0,0,0,0,0,0,0,0,0,0,0,0,0,0,0,0,0,0,0,0,0,0,333,
333,153,153,153,153,153,0,0,0,0,123,0,0,123,123,123,123,0,0,0,0,0,123,123,123,123,123,123,123,0,0,0,0,0,123,123,123,123,123,123,0,0,0,0,0,123,123,123,123,123,123,0,0,0,0,0,0,0,123,123,123,123,123,333,
333,0,0,0,0,0,0,0,0,0,123,0,0,0,0,0,0,0,0,0,0,0,0,0,0,0,0,0,0,0,0,0,0,0,0,0,0,0,0,0,0,0,0,0,0,0,0,0,0,0,0,0,0,0,0,0,0,0,0,0,0,0,0,333,
333,0,0,0,0,0,0,0,0,0,123,0,0,0,0,0,0,0,0,0,0,0,0,0,0,0,0,0,0,0,0,0,0,0,0,0,0,0,0,0,0,0,0,0,0,0,0,0,0,0,0,0,0,0,0,0,0,0,0,0,0,0,0,333,
333,0,0,123,123,123,123,123,123,123,123,0,0,0,0,0,0,0,0,0,0,0,0,0,0,0,0,0,0,0,0,0,0,0,0,0,0,0,0,0,0,0,0,0,0,0,0,0,0,0,0,0,0,0,0,0,0,0,0,0,0,0,0,333,
333,0,0,0,0,0,0,0,0,0,0,0,0,0,0,0,0,0,0,0,0,0,0,0,0,0,0,0,0,0,0,0,0,0,0,0,0,0,0,0,0,0,0,0,0,0,0,0,0,0,0,0,0,0,0,0,0,0,0,0,0,0,0,333,
333,0,0,0,0,0,0,0,0,0,0,0,0,153,153,0,0,0,0,0,0,0,0,0,0,153,0,0,0,0,0,0,0,0,0,0,153,153,0,0,0,0,0,0,0,0,0,153,153,0,0,0,0,0,0,0,0,0,0,0,0,0,131,333,
333,0,0,0,0,0,0,0,0,0,0,0,0,153,153,0,0,0,0,0,0,0,0,0,0,153,0,0,0,0,0,0,0,0,0,0,153,153,0,0,0,0,0,0,0,0,0,153,153,0,0,0,0,0,0,0,0,0,123,123,123,123,123,333,
333,123,123,123,123,123,0,0,0,0,0,0,0,153,153,0,0,0,0,0,0,0,0,0,0,153,0,0,0,0,0,0,0,0,0,0,153,153,0,0,0,0,0,0,0,0,0,153,153,0,0,0,0,0,0,0,0,0,0,0,0,0,0,333,
333,0,0,0,0,0,0,0,0,0,0,0,0,153,153,0,0,0,0,0,0,0,0,0,0,153,0,0,0,0,0,0,0,0,0,0,153,153,0,0,0,0,0,0,0,0,0,153,153,0,0,0,0,0,0,0,0,0,0,0,0,0,0,333,
333,0,0,0,0,0,0,0,0,0,0,0,0,153,153,0,0,0,0,0,0,0,0,0,0,153,0,0,0,0,0,0,0,0,0,0,153,153,0,0,0,0,0,0,0,0,0,153,153,0,0,0,0,0,0,0,0,0,0,0,0,0,0,333,
333,0,0,0,0,0,0,0,0,0,0,0,0,153,153,0,0,0,0,0,0,0,0,0,0,153,0,0,0,0,0,0,0,0,0,0,153,153,0,0,0,0,0,0,0,0,0,153,153,0,0,0,0,0,0,0,0,0,0,0,0,0,0,333,
333,0,0,0,0,0,0,0,0,0,0,0,0,153,153,0,0,0,0,0,0,0,0,0,0,153,0,0,0,0,0,0,0,0,0,0,153,153,0,0,0,0,0,0,0,0,0,153,153,0,0,0,0,0,0,0,0,0,0,0,0,0,0,333,
333,0,0,0,0,0,0,0,0,0,0,0,0,153,153,0,0,0,0,285,0,0,0,0,0,153,0,0,0,71,0,0,0,71,0,0,153,153,0,0,71,0,0,0,71,0,0,153,153,0,0,71,0,71,0,71,0,0,0,0,0,0,0,333,
333,0,0,0,0,0,123,123,123,123,123,0,0,153,153,0,0,123,123,123,123,123,0,0,0,153,0,0,0,123,123,123,123,123,0,0,153,153,0,0,123,123,123,123,123,0,0,153,153,0,0,123,123,123,123,123,0,0,0,0,0,0,0,333,
333,0,0,0,0,0,0,0,0,0,0,0,0,0,0,0,0,0,0,0,0,0,0,0,0,0,0,0,0,0,0,0,0,0,0,0,0,0,0,0,0,0,0,0,0,0,0,0,0,0,0,0,0,0,0,0,0,0,0,0,0,0,0,333,
333,0,0,0,0,0,0,0,0,0,0,0,0,0,0,0,0,0,0,0,0,0,0,0,0,0,0,0,0,0,0,0,0,0,0,0,0,0,0,0,0,0,0,0,0,0,0,0,0,0,0,0,0,0,0,0,0,0,0,0,0,0,0,333,
333,0,0,0,0,0,0,0,0,0,0,0,0,0,0,0,0,0,0,0,0,0,0,0,0,0,0,0,0,0,0,0,0,0,0,0,0,0,0,0,0,0,0,0,0,0,0,0,0,0,0,0,0,0,0,0,0,0,0,0,0,0,0,333,
333,0,0,0,0,0,0,0,0,0,0,0,0,0,0,0,0,0,0,0,0,0,0,0,0,0,0,0,0,0,0,0,0,0,0,0,0,0,0,0,0,0,0,0,0,0,0,0,0,0,0,0,0,0,0,0,0,0,0,0,0,0,0,333,
333,0,0,0,0,0,0,0,0,0,0,0,0,0,0,0,0,0,0,0,0,0,0,0,0,0,0,0,0,0,0,0,0,0,0,0,0,0,0,0,0,0,0,0,0,0,0,0,0,0,0,0,0,0,0,0,0,0,0,0,0,0,0,333,
333,0,0,0,0,0,0,0,0,0,0,0,0,0,0,0,0,0,0,0,0,0,0,0,0,0,0,0,0,0,0,0,0,0,0,0,0,0,0,0,0,0,0,0,0,0,0,0,0,0,0,0,0,0,0,0,0,0,0,0,0,0,0,333,
333,0,0,0,0,0,0,0,0,0,0,0,0,0,0,0,0,0,0,0,0,0,0,0,0,0,0,0,0,0,0,0,0,0,0,0,0,0,0,0,0,0,0,0,0,0,0,0,0,0,0,0,0,0,0,0,0,0,0,0,0,0,0,333,
333,0,0,0,0,0,0,0,0,0,0,0,0,0,0,0,0,0,0,0,0,0,0,0,0,0,0,0,0,0,0,0,0,0,0,0,0,0,0,0,0,0,0,0,0,0,0,0,0,0,0,0,0,0,0,0,0,0,0,0,0,0,0,333,
333,0,0,0,0,0,0,0,0,0,0,0,0,0,0,0,0,0,0,0,0,0,0,0,0,0,0,0,0,0,0,0,0,0,0,0,0,0,0,0,0,0,0,0,0,0,0,0,0,0,0,0,0,0,0,0,0,0,0,0,0,0,0,333,
333,0,0,0,0,0,0,0,0,0,0,0,0,0,0,0,0,0,0,0,0,0,0,0,0,0,0,0,0,0,0,0,0,0,0,0,0,0,0,0,0,0,0,0,0,0,0,0,0,0,0,0,0,0,0,0,0,0,0,0,0,0,0,333,
333,251,0,0,0,0,0,0,0,0,0,0,0,0,0,0,0,0,0,0,0,0,0,0,0,0,0,0,0,0,0,0,0,0,0,0,0,0,0,0,0,0,0,0,0,0,0,0,0,0,0,0,0,0,0,0,0,0,0,0,0,0,0,333,
123,123,123,123,123,123,71,71,71,71,71,123,123,123,123,123,123,71,71,71,71,71,123,123,123,123,123,123,123,71,71,71,71,71,123,123,123,123,123,123,71,71,71,71,71,123,123,123,123,123,123,71,71,71,71,71,123,123,123,123,123,123,123,123

[ObjectsLayer]
# enemyFour
type=enemy
location=47,22,1,1

[ObjectsLayer]
# enemyThree
type=enemy
location=35,22,1,1

[ObjectsLayer]
# enemyTwo
type=enemy
location=24,22,1,1

[ObjectsLayer]
# enemyOne
type=enemy
location=60,22,1,1

